tag_id:0
ceter:2247.391930489454,1210.4972904274653
corners:
2237.8730468749995,1239.6306152343748
2268.05712890625,1227.835205078125
2256.5537109375,1182.4569091796873
2225.415283203125,1192.0590820312498
homography:
71.35886614028414,19.06037103104383,2247.391930489454,
24.831823629712737,30.26813122162776,1210.4972904274653,
0.024935583306979474,0.005819391012459344,1.0,
tag_id:1
ceter:183.1406079174767,1236.8296293767137
corners:
174.37754821777344,1210.4760742187502
165.28727722167966,1254.2489013671873
192.4522247314453,1264.8328857421875
201.85003662109378,1218.5750732421877
homography:
-5.2562120003802875,-8.727003007437645,183.1406079174767,
18.201544226945316,28.585313892383965,1236.8296293767137,
-0.0034675021134518485,0.02688198236282147,1.0,
tag_id:2
ceter:499.98402985324026,439.6436894635327
corners:
493.6641845703124,430.9792175292969
479.61700439453125,452.8783264160156
506.66906738281256,448.808837890625
519.2865600585936,427.1007690429687
homography:
-20.38995838012545,-12.847138750929219,499.98402985324026,
-1.177926779810491,2.259999360260622,439.6436894635327,
-0.02745761219195396,0.0006235517762002804,1.0,
tag_id:3
ceter:1897.9906286255093,408.48785758332497
corners:
1905.5632324218748,399.7908020019531
1876.5035400390625,395.82104492187506
1890.4554443359377,417.1419372558594
1920.0156250000002,421.4717712402344
homography:
-0.5710487368451141,2.2817882798758546,1897.9906286255093,
0.9568511999007688,-8.730420457217917,408.48785758332497,
0.007419548707333929,0.004942713145364115,1.0,
tag_id:10
ceter:1184.6322113295525,380.1868377900537
corners:
1205.7032470703125,391.50000000000006
1205.1285400390625,368.1121215820312
1165.6505126953125,369.9954528808593
1165.4285888671875,391.50000000000006
homography:
11.539550302136835,-30.28450895785113,1184.6322113295525,
-7.475924749762269,-16.585225324605005,380.1868377900537,
0.00980137282294779,-0.042363283076896595,1.0,
tag_id:11
ceter:1177.696674340674,1392.9037735888824
corners:
1141.6159667968755,1359.8402099609375
1141.5653076171875,1427.299438476563
1215.5628662109373,1427.6035156250002
1212.85546875,1359.4339599609368
homography:
-21.594642293899824,-30.110469745242426,1177.696674340674,
7.576679102044864,7.347127455944246,1392.9037735888824,
-0.01889397037971296,0.005251522407845961,1.0,
tag_id:12
ceter:1179.3581518330582,747.061029882234
corners:
1151.5000000000002,725.4999999999999
1151.5000000000002,770.1007690429688
1205.5351562499998,767.3209228515625
1205.4283447265625,725.5
homography:
-1.175820021198433,-64.8595599343837,1179.3581518330582,
20.82020710726283,-23.31265443118707,747.061029882234,
-0.0010211202963077831,-0.03213322457779052,1.0,
tag_id:13
ceter:2073.6780086732774,730.9410679903916
corners:
2049.586181640625,713.7027587890626
2065.9907226562495,750.1329956054689
2095.90234375,746.8431396484375
2080.6979980468755,713.4151000976562
homography:
2.6535303824944094,-104.0786868051116,2073.6780086732774,
15.586083429976952,-30.429095448421663,730.9410679903916,
-0.0025256745918149338,-0.04284619923977235,1.0,
tag_id:14
ceter:333.16073460908035,764.1688471917438
corners:
311.66940307617193,781.4874267578124
339.71847534179693,781.0281372070312
353.6565856933594,747.6524658203126
326.6583862304687,747.4519653320312
homography:
16.998812823027666,-11.881935619014481,333.16073460908035,
7.378251684336646,6.168427921226909,764.1688471917438,
0.009733902550912037,-0.013975248351294881,1.0,
tag_id:15
ceter:1524.18982588802,830.4085641111836
corners:
1499.6920166015623,855.5766601562499
1555.4089355468748,852.8516235351562
1546.5239257812502,807.46337890625
1492.4256591796877,807.5736694335938
homography:
69.23280063754942,-24.553187587317765,1524.18982588802,
22.09227681483071,7.731357523288243,830.4085641111836,
0.027427800975427772,-0.018773804535164057,1.0,
