tag_id:0
ceter:2247.132554767443,1212.3981158393922
corners:
2237.5144042968745,1241.69482421875
2267.835693359375,1229.928955078125
2256.2783203125,1184.540283203125
2225.4582519531245,1194.044921875
homography:
69.31156215788815,3.363588300608184,2247.132554767443,
23.84015623781988,21.876976406350426,1212.3981158393922,
0.02404609368785363,-0.0011290843036432195,1.0,
tag_id:1
ceter:183.35400831617773,1233.788704325084
corners:
174.64927673339844,1207.49267578125
165.37330627441406,1251.1607666015627
192.4536895751953,1261.27783203125
201.9619140625,1215.8106689453123
homography:
-5.157661495457489,-9.988203240356654,183.35400831617773,
19.165060294254545,19.65446104806051,1233.788704325084,
-0.002520317888006822,0.01966236680638241,1.0,
tag_id:2
ceter:501.9528375138357,438.3218347325409
corners:
494.25555419921864,429.4632263183594
482.1975402832031,451.51995849609375
509.2950134277345,446.7717590332032
521.3382568359374,425.3708190917969
homography:
-2.4722686192978927,-21.83977241693981,501.9528375138357,
13.965126333849867,-5.03384468810583,438.3218347325409,
0.007080880488183853,-0.0165308328934345,1.0,
tag_id:3
ceter:1899.6503677647424,409.5391326969389
corners:
1907.1085205078125,399.9326477050782
1878.958740234375,397.4253234863282
1892.2625732421875,419.05499267578125
1920.797607421875,421.919677734375
homography:
0.6748493023269475,-0.9052061222357679,1899.6503677647424,
1.8579409238623732,-9.643913148531112,409.5391326969389,
0.00781445335335093,0.003075232658544244,1.0,
tag_id:10
ceter:1840.4701166055163,735.8890447496693
corners:
1827.2061767578123,755.3630371093749
1869.6091308593752,755.4058227539064
1854.560302734375,715.2019653320314
1813.7731933593745,718.0079345703124
homography:
-47.27985910855182,-5.352040691243937,1840.4701166055163,
-27.906239024259552,14.38390548990082,735.8890447496693,
-0.03697122419120894,-0.006765679263080561,1.0,
tag_id:11
ceter:1524.8558508754036,740.1722542045834
corners:
1555.5408935546875,761.5281372070312
1546.621826171875,719.5229492187501
1495.2259521484377,719.5507202148438
1502.5129394531252,761.368896484375
homography:
19.26147438710495,22.73402994213689,1524.8558508754036,
-9.635929015654597,-1.6021481285332595,740.1722542045834,
0.015286861346769553,-0.002207045266039876,1.0,
tag_id:12
ceter:1178.751331304649,745.968477377076
corners:
1151.8665771484377,726.0010986328125
1151.4946289062502,767.7789306640623
1207.5,767.3201904296875
1207.5,722.9641723632815
homography:
-4.144020813708494,7.562790140578272,1178.751331304649,
18.95382636574857,23.310027473538298,745.968477377076,
-0.00343190129499672,0.03007160152043828,1.0,
tag_id:13
ceter:842.3689810214169,752.2635216393713
corners:
871.178955078125,731.5028686523436
822.5709838867188,731.5975341796876
812.9663696289061,773.4512329101564
862.6969604492188,773.4827270507811
homography:
-23.306292699973028,14.372780211570783,842.3689810214169,
1.1552299466284246,-12.158306444140749,752.2635216393713,
0.0015136946978041028,0.011694265294852395,1.0,
tag_id:14
ceter:545.4770876228775,757.7060498747362
corners:
533.8691406249998,739.6358642578125
519.8732299804688,777.1999511718751
558.2872314453127,777.647705078125
572.6932983398436,736.9845581054688
homography:
-12.20550814802823,2.470982499588331,545.4770876228775,
12.436644757535532,30.781586510019906,757.7060498747362,
-0.009354235233248442,0.03987962311399221,1.0,
tag_id:15
ceter:1524.758256483298,830.5019981401234
corners:
1500.3017578124998,856.0050048828124
1555.8946533203123,852.8170166015624
1546.787109375,807.5305175781251
1492.7297363281252,807.5476074218751
homography:
77.95974973010289,-24.848339437482522,1524.758256483298,
26.780432941316008,7.579530449393252,830.5019981401234,
0.03317380160131673,-0.019050086085802262,1.0,
