tag_id:0
ceter:2246.864294779437,1212.3499114035349
corners:
2237.6232910156255,1241.2294921875
2267.899169921875,1230.0020751953125
2255.9812011718745,1183.858154296875
2225.45166015625,1194.3807373046873
homography:
32.79250548120399,8.425424392858536,2246.864294779437,
4.054746989384962,24.54375847971437,1212.3499114035349,
0.00782966765082234,0.0010697821127753232,1.0,
tag_id:1
ceter:183.50306444044102,1234.2926270822247
corners:
174.7977447509765,1207.48779296875
165.63497924804688,1251.6102294921877
192.41697692871097,1261.73974609375
201.9209747314453,1216.442138671875
homography:
-4.361196044023245,-10.997098040669101,183.50306444044102,
24.39607727559178,11.88660267142859,1234.2926270822247,
0.0016568080209134757,0.013495734751729294,1.0,
tag_id:2
ceter:502.06556903543776,438.20581856204217
corners:
495.6840209960938,429.09667968749994
481.9773559570312,451.3724365234376
508.3766174316405,447.2143249511719
521.5667724609376,425.4239501953124
homography:
-9.04996598206219,-18.184736876039267,502.06556903543776,
8.983215177432044,-2.5092944238662085,438.20581856204217,
-0.0046365239429471536,-0.01019091492190278,1.0,
tag_id:3
ceter:1899.7266201099085,409.3697430841331
corners:
1907.2277832031248,399.8978576660156
1878.85205078125,397.2590942382813
1892.1635742187502,418.91976928710943
1921.168579101563,421.8095703125
homography:
-5.5092121044408495,9.826719588938658,1899.7266201099085,
0.522511265364074,-7.306619571414274,409.3697430841331,
0.0046501463174123785,0.008758081756044124,1.0,
tag_id:10
ceter:1695.512019781067,391.45184561002776
corners:
1683.209228515625,401.28857421875
1718.865234375,404.21905517578125
1707.4508056640625,381.90615844726557
1673.6746826171875,379.5133666992188
homography:
1.6364111652301356,-35.94102354488177,1695.512019781067,
-2.3015225946446667,1.5095584237639623,391.45184561002776,
-0.009264188180413802,-0.02427993489596557,1.0,
tag_id:11
ceter:1446.5936808128859,380.050309872928
corners:
1467.9990234375002,391.40454101562506
1462.3927001953125,370.2297973632813
1423.0484619140623,367.5610046386719
1428.0894775390627,391.5523376464844
homography:
19.917534359776923,111.20712702158403,1446.5936808128859,
-5.305467019238793,24.681619032297476,380.050309872928,
0.015627909511364346,0.06323301613708278,1.0,
tag_id:12
ceter:1186.3771392668118,379.901938184855
corners:
1207.3975830078125,391.5
1207.5523681640625,366.9430541992188
1167.6616210937498,369.57562255859375
1167.4255371093748,391.49999999999994
homography:
1.637332237922243,-47.37856958032103,1186.3771392668118,
-11.090859039462142,-22.20215963511356,379.901938184855,
0.001295537102638149,-0.056710497152269695,1.0,
tag_id:13
ceter:934.1218495284098,391.1298907387462
corners:
956.1799316406249,379.002960205078
918.2538452148439,381.11950683593756
910.9547729492189,403.86651611328136
949.7275390625,400.97479248046875
homography:
-34.51314059975675,10.992029025370583,934.1218495284098,
-5.176815057606517,-8.009976415076153,391.1298907387462,
-0.016428020198683987,0.008093606680350604,1.0,
tag_id:14
ceter:693.6786236716881,412.90524711239726
corners:
704.8642578125,422.9671936035156
714.4996337890625,401.02728271484375
683.5070190429689,403.7554626464844
671.1435546875,425.76104736328125
homography:
35.674640456568,13.393721774045733,693.6786236716881,
6.998362185063343,-3.0219323658018302,412.90524711239726,
0.04350694118699975,-0.003972488295203526,1.0,
tag_id:15
ceter:1524.703401534354,830.5428175850226
corners:
1500.2473144531248,856.0968017578126
1555.883056640625,852.8907470703125
1546.83203125,807.4207763671875
1492.7762451171873,807.6591186523438
homography:
74.51014764398042,-24.90102991135744,1524.703401534354,
24.834304083563552,7.616131551148674,830.5428175850226,
0.030903420338145547,-0.019058402457339033,1.0,
