tag_id:0
ceter:2225.148547718253,1068.3556798723164
corners:
2218.949462890625,1096.5668945312495
2247.7255859375005,1084.6724853515625
2231.03466796875,1041.5687255859377
2202.67041015625,1052.1103515625
homography:
40.65258752907085,-23.009533783259023,2225.148547718253,
7.060937819472655,6.874902102870238,1068.3556798723164,
0.011850702186918747,-0.014045803094388912,1.0,
tag_id:1
ceter:199.92707701280546,1262.7344752501347
corners:
188.08404541015628,1236.7650146484375
182.73495483398438,1282.8865966796875
212.15841674804685,1289.555419921875
217.82908630371094,1241.750244140625
homography:
-2.34320908361056,-11.152534699982994,199.92707701280546,
26.06174622769845,20.040715703494698,1262.7344752501347,
0.0020492814046656435,0.018178804669975655,1.0,
tag_id:2
ceter:460.14593367798545,455.42170530437244
corners:
454.07205200195307,447.0474853515625
439.6656188964844,469.7310180664063
466.6415710449219,464.3774108886718
477.5342407226562,443.27273559570307
homography:
-32.7706988339047,-23.60871735895728,460.14593367798545,
-15.33529903589556,-8.709357056746853,455.42170530437244,
-0.0576023814066278,-0.024048536628455273,1.0,
tag_id:3
ceter:1818.9591159611825,344.9344450097044
corners:
1825.5733642578125,335.667236328125
1799.3457031250005,335.3833312988281
1813.180541992187,353.03079223632807
1841.7983398437495,356.0564270019531
homography:
116.79996126729452,0.3119201075671825,1818.9591159611825,
23.91766346306912,-7.984299918866894,344.9344450097044,
0.07170912079920877,0.004276996806533902,1.0,
tag_id:10
ceter:1133.7785517195728,354.6602308154797
corners:
1153.606323242187,363.5967102050781
1153.2838134765625,342.9095153808593
1113.6538085937505,345.58990478515625
1113.9501953125,366.60559082031256
homography:
0.28795981275197496,28.690618856180663,1133.7785517195728,
-10.286559738577296,1.3525755138844588,354.6602308154797,
0.00039054855037177404,0.007823662731572454,1.0,
tag_id:11
ceter:1221.3132245738716,1307.7282500449107
corners:
1182.936645507813,1278.8214111328125
1189.4417724609375,1344.3364257812502
1260.4431152343745,1337.2025146484375
1252.3842773437502,1272.0394287109373
homography:
-10.058800126158985,-36.93801782744208,1221.3132245738716,
17.995327656790778,1.5177865778780415,1307.7282500449107,
-0.01121784746105284,-0.0014985092290042059,1.0,
tag_id:12
ceter:1160.5762210639712,694.5741826217918
corners:
1133.048583984375,677.0362548828125
1134.7022705078127,717.7279663085938
1188.7969970703127,712.5537109375
1184.7889404296875,672.9069824218751
homography:
-25.034355362328824,-38.474415128422834,1160.5762210639712,
4.23445594449754,-4.885650423428274,694.5741826217918,
-0.022800235550038097,-0.010366896404100424,1.0,
tag_id:13
ceter:2012.368308230348,633.0157361923943
corners:
1987.5950927734377,617.8012084960938
2006.1986083984375,649.9057006835939
2035.7683105468748,647.3869018554688
2018.0808105468752,617.3773803710938
homography:
-0.9660697949097994,-82.39715087322998,2012.368308230348,
12.354310341063865,-20.47109694483845,633.0157361923943,
-0.00498588429446614,-0.03349162262487785,1.0,
tag_id:14
ceter:318.38749682782026,780.028950895096
corners:
297.55352783203114,799.3678588867188
326.3644104003907,795.6455688476562
338.66720581054693,761.2045288085939
310.30615234374994,764.2078857421876
homography:
17.472339564246568,-7.372995729375074,318.38749682782026,
6.114199551819294,14.676702665732593,780.028950895096,
0.009992205689899098,-0.0034889529004872386,1.0,
tag_id:15
ceter:1497.9875548275365,751.137597433722
corners:
1477.8134765625,775.502990722656
1530.39208984375,770.4158935546875
1517.3105468749998,727.8001098632814
1466.180541992187,732.2147827148436
homography:
35.090780513653954,-16.927347755475004,1497.9875548275365,
2.2271912100172795,9.881980348596585,751.137597433722,
0.006121279730934226,-0.015426804996350758,1.0,
