tag_id:0
ceter:2245.760690586293,1209.547870768307
corners:
2236.2531738281245,1239.5363769531252
2266.916259765625,1227.00732421875
2254.759765625,1181.1630859374998
2224.726806640625,1192.1888427734375
homography:
42.78126153688164,-28.164061886723623,2245.760690586293,
8.993201734713464,4.927247014437855,1209.547870768307,
0.012294644901122791,-0.015178902094571099,1.0,
tag_id:1
ceter:180.65208901392876,1247.5744700262903
corners:
171.739501953125,1220.9763183593752
162.96734619140622,1264.6614990234377
189.97779846191403,1275.405517578125
198.5799255371094,1230.2525634765625
homography:
-5.774932646255422,-10.797384847915367,180.65208901392876,
12.330527030382655,13.38916069370157,1247.5744700262903,
-0.007912653217110443,0.014738715948997866,1.0,
tag_id:2
ceter:492.2178596423642,446.1709336690618
corners:
485.5343627929688,437.82284545898443
471.8578796386719,459.72149658203125
499.25024414062494,454.9548034667969
511.7839965820313,433.14871215820324
homography:
-17.70438160421554,-12.037455029517162,492.2178596423642,
0.8106515070940645,3.599360072955051,446.1709336690618,
-0.022659783263792147,0.0027769816091401385,1.0,
tag_id:3
ceter:1892.118266102017,407.5468730297635
corners:
1899.084228515625,398.2239990234375
1871.7246093749998,395.9559326171875
1884.733032226563,417.4308776855469
1913.8692626953127,419.9092712402343
homography:
-11.279737012959234,51.16813817096249,1892.118266102017,
-0.5748924105724315,1.7363827404211065,407.5468730297635,
0.0014958019909213495,0.03071088994606702,1.0,
tag_id:10
ceter:1176.3035816372783,1400.51844791299
corners:
1138.830688476562,1367.5
1140.9664306640623,1434.296020507813
1213.2839355468752,1433.1029052734377
1210.8465576171877,1367.4999999999998
homography:
-1.6486476259512983,-46.65538029703998,1176.3035816372783,
29.771044075423106,-12.29398612120417,1400.51844791299,
-0.0023747011609265354,-0.008990117821721598,1.0,
tag_id:11
ceter:1171.443072553034,1041.3108997163044
corners:
1203.2169189453125,1011.6396484375
1139.56005859375,1014.0844116210935
1139.4698486328127,1071.1683349609373
1203.796630859375,1068.939208984375
homography:
-29.536301146846426,6.0007678327960985,1171.443072553034,
3.3545367033973448,-23.15267564333317,1041.3108997163044,
0.002098771980452239,0.005226406348046326,1.0,
tag_id:12
ceter:1172.0862191515937,751.3607095474727
corners:
1199.0073242187498,728.9979858398436
1145.4999999999993,730.822998046875
1145.5,773.4452514648439
1200.7852783203127,773.5305786132812
homography:
-1.1127397174423106,18.30414660209817,1172.0862191515937,
17.15874141629149,-9.766556882679422,751.3607095474727,
0.022237869431821565,0.015979176431338657,1.0,
tag_id:13
ceter:1175.5195795868108,538.4242413339608
corners:
1151.7012939453127,524.1655273437499
1151.4102783203125,555.1708984375001
1199.6708984375,552.8823242187501
1199.1591796875,522.0038452148436
homography:
-9.80655556683837,-25.629053417038676,1175.5195795868108,
10.952572555880124,0.33292396065291996,538.4242413339608,
-0.008389744068996102,-0.0014471558880736234,1.0,
tag_id:14
ceter:1179.9672727426407,382.7908596647112
corners:
1199.5,371.4551696777343
1159.8137207031252,371.59146118164057
1156.8896484375002,396.18380737304693
1199.5,393.645263671875
homography:
-78.81000240850881,40.51312443231176,1179.9672727426407,
-18.28961081033492,1.277291790836215,382.7908596647112,
-0.04941832025939939,0.03377500994773804,1.0,
tag_id:15
ceter:1518.8412649066638,834.1068768383626
corners:
1495.4957275390623,859.2810668945314
1551.2021484375,856.7415161132812
1541.368408203125,809.8151855468749
1487.3529052734375,812.0825195312502
homography:
30.594567063534672,-19.431443716912547,1518.8412649066638,
0.5414027127012541,10.385541845108719,834.1068768383626,
0.002087589514813509,-0.01575296524006388,1.0,
