tag_id:0
ceter:2245.804328571042,1209.724851973224
corners:
2236.6047363281255,1239.0688476562498
2266.684326171875,1226.7994384765623
2254.698486328125,1181.3551025390627
2223.9677734375005,1191.868041992188
homography:
59.296563767851694,12.341601982797794,2245.804328571042,
18.059389612622905,26.48708235147524,1209.724851973224,
0.019636898721682283,0.0027562362921993992,1.0,
tag_id:1
ceter:180.61272517798676,1247.239772726987
corners:
171.5409851074219,1221.0422363281252
163.21911621093747,1264.8419189453123
190.22039794921872,1274.9849853515625
198.27055358886716,1229.3702392578125
homography:
-6.006606475931619,-10.15664883563474,180.61272517798676,
9.150545453787117,17.98604081487656,1247.239772726987,
-0.010576520239887728,0.01811456899327546,1.0,
tag_id:2
ceter:492.2341531520012,446.15159336197576
corners:
485.5369262695312,437.80416870117193
471.93191528320307,459.63989257812506
499.2322998046875,454.87408447265625
511.83331298828114,433.13040161132807
homography:
-16.294514477020414,-12.323345940448462,492.2341531520012,
2.0585488753324626,3.3307179778591944,446.15159336197576,
-0.01979637641729299,0.002175990341728278,1.0,
tag_id:3
ceter:1892.5324081439255,407.7244791058706
corners:
1899.5628662109375,398.7935791015625
1870.9550781249998,395.2993469238281
1884.8535156249998,417.4790954589844
1913.7791748046877,419.9592590332031
homography:
-63.3942896941187,27.374875859053187,1892.5324081439255,
-12.062830918528334,-3.413655284509958,407.7244791058706,
-0.025901121606751284,0.018182024561079303,1.0,
tag_id:10
ceter:647.7230935327741,1362.8429639991602
corners:
622.8787841796874,1328.8197021484375
617.0548095703124,1388.5100097656245
673.2356567382812,1397.7813720703125
678.9383544921875,1336.7181396484377
homography:
-4.317884695560906,-20.896368035828573,647.7230935327741,
27.164584781930216,10.77523941598588,1362.8429639991602,
-0.002215774431003559,0.011054586067315327,1.0,
tag_id:11
ceter:694.5340212116796,1033.2140940478982
corners:
674.1950683593749,1006.0497436523438
663.2179565429686,1058.3751220703123
715.9577636718751,1061.8272705078125
725.8444213867189,1008.0576171875001
homography:
-14.274687054805327,-17.10136493599373,694.5340212116796,
13.04871041344768,12.016588763401614,1033.2140940478982,
-0.013032767507072983,0.012942318625982965,1.0,
tag_id:12
ceter:754.2525920126677,762.241903988489
corners:
782.548583984375,741.6198120117189
736.3677978515625,741.5419921875002
725.0233764648435,783.5441284179686
772.3588867187499,783.1981811523436
homography:
-27.172062234465102,13.819108416659786,754.2525920126677,
-3.7726663301474437,-12.363561498985064,762.241903988489,
-0.005034273483072243,0.011188589786042072,1.0,
tag_id:13
ceter:811.1605303985975,555.208948534336
corners:
794.9033203125,541.1727294921875
785.7311401367186,571.7575683593749
827.6842651367186,569.4752807617188
836.3429565429686,538.821044921875
homography:
-9.734577600789635,-19.52884612206094,811.1605303985975,
11.69745700058229,2.0612293005387983,555.208948534336,
-0.006505024633808811,0.0016254503556344915,1.0,
tag_id:14
ceter:861.3699140001702,401.6775022821022
corners:
883.057373046875,389.3117065429687
846.7381591796876,391.8728942871093
838.5345458984376,414.69781494140625
875.7699584960936,411.3268432617188
homography:
-32.92233149099991,11.53253968005208,861.3699140001702,
-5.301937080680431,-7.630310180881736,401.6775022821022,
-0.01688187149337061,0.008900611977427184,1.0,
tag_id:15
ceter:1518.910302090982,834.1405442996514
corners:
1495.493896484375,859.2656860351562
1551.2058105468748,856.7430419921875
1541.4075927734375,810.0015869140626
1487.3431396484377,812.0477905273438
homography:
33.97893539797497,-19.374741008664152,1518.910302090982,
2.453679173356134,10.377768071077867,834.1405442996514,
0.004306719132813251,-0.015711597806098373,1.0,
