tag_id:0
ceter:2215.7151934078697,1121.5145919321828
corners:
2205.301269531249,1148.2526855468745
2237.5688476562495,1141.9139404296875
2225.84423828125,1095.5079345703127
2193.86767578125,1101.1209716796875
homography:
31.267661330497052,-9.728211783989076,2215.7151934078697,
4.71213216073738,15.526866084486983,1121.5145919321828,
0.006863523828640539,-0.007003946190259047,1.0,
tag_id:1
ceter:231.39102197491295,1030.539250203943
corners:
225.59339904785153,1006.4323120117186
210.8500823974609,1047.1853027343748
237.41911315917966,1055.6044921874998
252.29612731933597,1013.598083496094
homography:
-8.643606413914341,-10.044698440082186,231.39102197491295,
15.16999498619225,10.677153563167622,1030.539250203943,
-0.005351118434100936,0.014137620684373775,1.0,
tag_id:2
ceter:596.1698578484062,341.01091367190463
corners:
589.6828002929685,333.5247192382812
576.3377685546874,351.77966308593744
603.0883789062501,348.9950256347657
615.002685546875,330.78475952148443
homography:
-23.609572798381464,-11.117471478045218,596.1698578484062,
-0.7855579939808308,2.462863932710661,341.01091367190463,
-0.029014755673132858,0.003170613929549484,1.0,
tag_id:3
ceter:1910.781478667596,373.0694063679068
corners:
1919.2196044921875,365.9875793457032
1892.2264404296873,361.1317443847657
1902.160400390625,380.3047790527344
1930.3505859375,385.65948486328125
homography:
1.3778121702150639,30.39872317086406,1910.781478667596,
0.41244947627143363,-2.74432191126391,373.0694063679068,
0.007937284238267459,0.0186618439123563,1.0,
tag_id:10
ceter:1239.6988985449532,310.37002101982705
corners:
1259.464477539062,321.36059570312494
1259.3748779296875,301.50000000000006
1223.7469482421882,301.50000000000006
1220.7684326171877,318.90396118164057
homography:
55.033272233875785,-59.6765719556547,1239.6988985449532,
4.314771552594382,-19.006937176947247,310.37002101982705,
0.04373065529824675,-0.06304125100148347,1.0,
tag_id:11
ceter:1165.6422172034454,1181.0274316360558
corners:
1134.422485351562,1148.1654052734377
1129.0725097656248,1210.89990234375
1197.009643554688,1214.044921875
1201.3310546875,1151.87451171875
homography:
-10.895500982800968,-39.43819866591889,1165.6422172034454,
22.631760290103784,-7.520801070717653,1181.0274316360558,
-0.007275175532154199,-0.004915354386740427,1.0,
tag_id:12
ceter:1211.7808530866678,617.3850136242189
corners:
1187.9206542968752,599.5000000000001
1185.0825195312502,635.5478515625002
1235.8394775390625,635.4187622070312
1238.07080078125,599.4999999999999
homography:
-8.445353824012045,-27.38652649840492,1211.7808530866678,
14.333585023010983,-1.0689764731845344,617.3850136242189,
-0.0059239843222817935,-0.0017831133831269536,1.0,
tag_id:13
ceter:2059.1568643491905,666.2309411986937
corners:
2036.5068359374995,649.0963745117188
2051.0664062499995,680.6844482421875
2082.038330078125,683.5405883789062
2067.517822265625,651.294189453125
homography:
18.96615485305574,6.667723452475002,2059.1568643491905,
19.740376634617746,5.905177262177176,666.2309411986937,
0.005679663221160892,0.01076267930951348,1.0,
tag_id:14
ceter:420.93243551747526,614.1949241996939
corners:
398.81491088867193,629.1357421874998
425.976318359375,629.666015625
442.59704589843756,599.5600585937502
416.1723022460938,599.5941772460938
homography:
9.47917846553253,-16.76397766462776,420.93243551747526,
-5.592697098535951,2.8398831937067817,614.1949241996939,
-0.009298724887380653,-0.019643452200017647,1.0,
tag_id:15
ceter:1524.0191722876568,705.8479610596162
corners:
1500.5921630859373,724.8549194335936
1552.5791015625,727.9644775390626
1546.5914306640625,687.5344848632812
1496.8648681640625,684.8199462890624
homography:
20.350188679178025,-30.96057731668156,1524.0191722876568,
-0.8936316704938472,4.644191796796235,705.8479610596162,
-0.0033236787634767537,-0.02190551430818447,1.0,
