tag_id:0
ceter:2245.6830162516926,1209.6757844459325
corners:
2236.0637207031245,1239.5118408203123
2267.0930175781245,1227.5577392578125
2254.804931640625,1181.3824462890627
2224.731201171875,1192.176513671875
homography:
32.926061745623436,-36.03698347140607,2245.6830162516926,
3.8322440205492967,0.7724219314993668,1209.6757844459325,
0.007861681172427354,-0.018677701010206035,1.0,
tag_id:1
ceter:180.7981662023805,1244.8708645051597
corners:
171.869873046875,1218.4573974609373
163.6685485839844,1261.7965087890623
190.1259918212891,1272.4663085937502
199.50753784179688,1226.38427734375
homography:
-2.3741461790219773,-7.541092543804581,180.7981662023805,
36.14616670035798,36.39845986369846,1244.8708645051597,
0.011097174475526298,0.03298202680038384,1.0,
tag_id:2
ceter:494.1483528588695,444.02779537193976
corners:
487.82043457031256,435.01129150390614
473.4981079101563,457.79080200195307
500.53250122070307,453.1244201660156
513.1119384765624,431.38891601562494
homography:
-18.32025810115067,-22.490369989210024,494.1483528588695,
0.6818466559017224,-6.410444771292532,444.02779537193976,
-0.023500449456984283,-0.019077087400824814,1.0,
tag_id:3
ceter:1893.683450992488,407.4384364652664
corners:
1901.0388183593748,397.94677734375
1872.9150390625,395.3878173828125
1886.2131347656248,417.0784301757812
1915.1961669921873,419.92092895507807
homography:
-4.946496356416902,17.148309064624073,1893.683450992488,
0.6579509582054474,-5.748283596036515,407.4384364652664,
0.004925167447692718,0.012678527301161755,1.0,
tag_id:10
ceter:1175.8939202696772,1398.135950037594
corners:
1139.4287109375002,1365.4999999999998
1139.6419677734375,1431.9346923828125
1212.9489746093748,1431.2998046875
1210.898681640625,1365.4999999999998
homography:
-14.437582967218987,-41.761280789430884,1175.8939202696772,
15.208293501776325,-6.4723998821684745,1398.135950037594,
-0.012762838913085276,-0.004739948650434606,1.0,
tag_id:11
ceter:245.65059700782174,991.7050351989474
corners:
225.4957427978516,1010.6611938476562
252.9773254394531,1014.0443115234374
266.2727966308593,972.3093261718751
238.2577972412109,969.164306640625
homography:
13.016356920291003,-4.554092798506699,245.65059700782174,
-1.8241670909802732,28.715169563776954,991.7050351989474,
-0.0034861522597271067,0.007974837908452203,1.0,
tag_id:12
ceter:327.76395924006727,770.1252446761869
corners:
333.99093627929676,787.6390991210938
348.08135986328125,753.6941528320311
321.8308105468751,753.4378051757814
306.6510925292969,787.199645996094
homography:
14.421969487039403,12.578634873424564,327.76395924006727,
-0.22099789195135577,-1.7390760817589808,770.1252446761869,
0.021681692523630985,-0.002481572931260393,1.0,
tag_id:13
ceter:418.3854345749781,579.0540352370683
corners:
411.4745788574218,567.5965576171875
396.83587646484375,595.2739257812501
425.57296752929693,590.9702148437501
439.3412170410156,563.2810668945312
homography:
-14.128679102081719,-12.964452473282677,418.3854345749781,
4.111395582427008,3.7928538234046982,579.0540352370683,
-0.01679708898342461,0.002827652765575057,1.0,
tag_id:14
ceter:1179.388576538549,382.02086623100854
corners:
1201.7886962890625,369.0162353515625
1159.64892578125,371.74243164062506
1159.4300537109373,393.6080017089844
1200.9185791015627,393.2315368652344
homography:
38.72012831196321,-8.15212244434724,1179.388576538549,
20.06176876309894,-14.213347899114295,382.02086623100854,
0.05051142790795504,-0.007129628894065581,1.0,
tag_id:15
ceter:1520.403753854119,832.6628251279207
corners:
1495.97216796875,858.164306640625
1551.9643554687502,855.2030639648438
1542.712158203125,809.3775024414062
1488.4951171874998,809.8740234375
homography:
66.22875776275305,-26.157923320910175,1520.403753854119,
20.355358943853616,6.874405888457094,832.6628251279207,
0.02545444868125269,-0.019970925301850566,1.0,
