tag_id:0
ceter:2246.885040254412,1211.8249651912167
corners:
2237.4191894531245,1241.5554199218752
2268.202392578124,1229.5579833984375
2255.8513183593755,1183.6635742187498
2225.552246093751,1194.0791015624998
homography:
46.123005436303636,-23.984431747563114,2246.885040254412,
11.049031682348412,7.129158123673507,1211.8249651912167,
0.013732711046046602,-0.013370652806572061,1.0,
tag_id:1
ceter:183.4498940454477,1234.467184804739
corners:
174.76965332031253,1207.4818115234373
165.66699218750003,1251.8315429687505
192.34938049316406,1262.1341552734377
201.92366027832028,1216.4282226562495
homography:
-4.062773638138282,-10.563373089508644,183.4498940454477,
26.572019614111696,14.64576640151654,1234.467184804739,
0.0032916568375685093,0.015763165662787914,1.0,
tag_id:2
ceter:500.8361950185875,438.9310354088225
corners:
494.89471435546875,430.0667419433593
481.17993164062494,451.4228210449219
506.9593505859375,448.06637573242193
522.0235595703125,425.46621704101557
homography:
-1.564595724312312,-0.0537215780908582,500.8361950185875,
15.90118908615716,13.513040666682116,438.9310354088225,
0.011214219602823056,0.026272684753427644,1.0,
tag_id:3
ceter:1899.5396943478336,409.3700077026167
corners:
1906.6296386718752,400.0753784179688
1878.5024414062498,397.0887756347656
1892.1491699218748,419.0586853027344
1921.072265625,421.9403991699219
homography:
-22.923553037435795,23.74348930772544,1899.5396943478336,
-3.3354582891489026,-4.325473952813752,409.3700077026167,
-0.0045610947030539336,0.016196527657567964,1.0,
tag_id:10
ceter:1999.7027274365785,1289.6088799300574
corners:
1981.6800537109373,1323.96337890625
2028.2760009765627,1311.4860839843752
2017.382080078125,1255.9088134765625
1970.8504638671875,1267.51806640625
homography:
37.75315849018375,0.6740721852868388,1999.7027274365785,
3.3129524695286774,24.93583397749444,1289.6088799300574,
0.0072372916459636045,-0.0023789996133496165,1.0,
tag_id:11
ceter:1622.4614306218348,1362.9944791260882
corners:
1659.111206054687,1390.7899169921875
1651.09912109375,1327.111938476562
1586.167602539063,1335.468994140625
1593.338623046875,1399.4848632812502
homography:
6.97559096127588,35.529300271515694,1622.4614306218348,
-22.872574510459117,-1.8638590108532782,1362.9944791260882,
0.006639265185186182,0.001759504206496464,1.0,
tag_id:12
ceter:1178.0509423596839,1393.3585018505594
corners:
1141.5249023437498,1428.1459960937502
1213.329956054687,1426.028076171875
1213.6015625,1359.4999999999998
1141.4880371093752,1359.5
homography:
54.468454905842236,2.494056491434104,1178.0509423596839,
21.34697340661591,36.80724040517658,1393.3585018505594,
0.015702076797805078,0.0021689875355770643,1.0,
tag_id:13
ceter:747.8733360925027,1365.9137572219602
corners:
781.0952148437501,1338.5183105468752
720.3171997070315,1331.270263671875
715.179931640625,1392.8734130859373
776.3016967773436,1401.65380859375
homography:
-21.646621057082598,5.312844391113571,747.8733360925027,
12.112173712825554,-26.014813387869708,1365.9137572219602,
0.011798612237207903,0.0037811347465745403,1.0,
tag_id:14
ceter:404.26945769958417,1300.8767443056063
corners:
421.10095214843756,1333.4483642578125
429.3507995605469,1279.4199218750002
387.8652954101562,1269.1320800781255
378.9052429199218,1322.5755615234375
homography:
8.03589625105809,19.453025621023016,404.26945769958417,
-14.854553920809394,0.5720650023004037,1300.8767443056063,
0.00923256539709808,-0.0036250761049327483,1.0,
tag_id:15
ceter:1524.7154165747368,830.5227229240315
corners:
1500.2254638671877,856.0949707031249
1555.917236328125,852.8904418945312
1546.7709960937498,807.492431640625
1492.7913818359377,807.6372680664062
homography:
75.97798359761941,-26.9751098517779,1524.7154165747368,
25.66391027148211,6.461621294269325,830.5227229240315,
0.031870886894124706,-0.020430012291782287,1.0,
